  1, 0.012561 0.026451   <
  2, 0.018401 0.029260   <
  3, 0.014644 0.028251   <
  4, 0.013574 0.036553   <
  5, 0.019653 0.013628       >
  6, 0.021640 0.020226       >
  7, 0.017200 0.022903   <
  8, 0.022142 0.058376   <
  9, 0.060547 0.071590   <
 10, 0.498863 0.029423       >
 11, 0.280088 0.299155   <
 12, 0.262648 0.286417   <
 13, 0.024033 0.028648   <
 14, 0.023346 0.025301   <
 15, 0.037284 0.070106   <
 16, 0.029204 0.021624       >
 17, 0.023868 0.018503       >
 18, 0.012199 0.032046   <
 19, 0.011303 0.017127   <
 20, 0.092473 0.189344   <
 21, 0.022349 0.034467   <
 22, 0.013442 0.011179       >
 23, 0.021548 0.025273   <
 24, 0.017367 0.027749   <
 25, 0.024203 0.036730   <
 26, 0.017198 0.036571   <
 27, 0.016367 0.029895   <
 28, 0.077449 0.149145   <
 29, 0.035664 0.068386   <
 30, 0.011782 0.018554   <
 31, 0.018172 0.037405   <
 32, 0.028108 0.028665   <
 33, 0.026323 0.023039       >
 34, 0.032482 0.063425   <
 35, 0.021507 0.030422   <
 36, 0.020114 0.016698       >
 37, 0.024382 0.040794   <
 38, 0.027340 0.044863   <
 39, 0.018680 0.023123   <
 40, 0.017428 0.036142   <
 41, 0.017868 0.035034   <
 42, 0.040591 0.105457   <
 43, 0.015947 0.037886   <
 44, 0.011375 0.023098   <
 45, 0.021069 0.032048   <
 46, 0.018729 0.027071   <
 47, 0.015458 0.024213   <
 48, 0.010929 0.025076   <
 49, 0.019342 0.041390   <
 50, 0.021984 0.043076   <
 51, 0.035689 0.075780   <
 52, 0.034117 0.018064       >
 53, 0.030210 0.023185       >
 54, 0.031194 0.047404   <
 55, 0.034827 0.034290       >
 56, 0.019906 0.021396   <
 57, 0.497785 0.022200       >
 58, 0.023375 0.033013   <
 59, 0.017992 0.018441   <
 60, 0.030488 0.066148   <
 61, 0.016426 0.037261   <
 62, 0.088415 0.177650   <
 63, 0.027080 0.076550   <
 64, 0.078767 0.170234   <
 65, 0.016418 0.018169   <
 66, 0.025186 0.042542   <
 67, 0.025772 0.035105   <
 68, 0.018330 0.018331   <
 69, 0.019964 0.030868   <
 70, 0.030403 0.030543   <
 71, 0.020217 0.040076   <
 72, 0.043968 0.051110   <
 73, 0.014428 0.021859   <
 74, 0.025986 0.047719   <
 75, 0.078731 0.130517   <
 76, 0.017194 0.024569   <
 77, 0.018797 0.024673   <
 78, 0.152253 0.231147   <
 79, 0.021727 0.040854   <
 80, 0.020221 0.054077   <
 81, 0.027152 0.026280       >
 82, 0.029401 0.023315       >
 83, 0.010102 0.017642   <
 84, 0.023944 0.044693   <
 85, 0.015901 0.020966   <
 86, 0.014962 0.044689   <
 87, 0.015311 0.032353   <
 88, 0.273901 0.287344   <
 89, 0.014353 0.030729   <
 90, 0.016168 0.026799   <
 91, 0.019350 0.040084   <
 92, 0.017503 0.041312   <
 93, 0.020326 0.029006   <
 94, 0.031373 0.081379   <
 95, 0.015435 0.035015   <
 96, 0.012100 0.019434   <
 97, 0.016754 0.042255   <
 98, 0.022164 0.038340   <
 99, 0.017920 0.029628   <
100, 0.015094 0.034849   <
101, 0.019632 0.020401   <
102, 0.015825 0.014620       >
103, 0.047618 0.143796   <
104, 0.027997 0.033388   <
105, 0.020080 0.035031   <
106, 0.017762 0.039802   <
The number of < = 91
The number of > = 15
